91934879
91925427
91934879
91925427
91934879
91925427
91934879
91925427
91934879
91925427
91934879
91925427
91934879
91925427
91934879
91925427
91934879
91925427
91934879
91925427
91934879
91925427
91934879
91925427
91934879
91925427
91934879
91925427
91934879
91925427
91934879
91925427
91934879
91925427
91934879
91925427
91934879
91925427
91934879
91925427
91934879
91925427
91934879
91925427
91934879
91925427
91934879
91925427
91934879
91925427
91934879
91925427
91934879
91925427
91934879
91925427
91934879
91925427
91934879
91925427
91934879
91925427
91934879
91925427
91934879
91925427
91934879
91925427
91934879
91925427
91934879
91925427
91934879
91925427
91934879
91925427
91934879
91925427
91934879
91925427
